20
646,0,;427,16,16;244,27,11;242,29,2;518,45,16;334,59,14;698,75,16;605,80,5;240,93,13;702,113,20;332,131,18;334,133,2;335,134,1;704,149,15;609,160,11;150,181,21;423,196,15;697,206,10;241,222,16;335,234,12;700,253,19;60,282,24;610,302,20;428,314,12;149,329,15;333,343,14;147,355,12;611,375,20;151,393,18;699,415,22;704,420,5;611,429,9;700,442,13;515,453,11;612,460,7;701,471,11;611,483,12;426,496,13;239,-1,;
504,0,;717,22,22;338,43,19;614,51,8;622,59,8;706,69,10;164,91,22;338,105,14;342,109,4;432,113,4;527,120,7;613,128,8;432,135,7;624,149,14;706,161,12;157,176,15;715,198,22;256,213,15;709,234,21;340,245,11;245,250,5;617,262,12;528,267,5;708,277,10;625,290,13;438,299,9;620,313,14;618,315,2;346,331,16;62,345,14;338,353,8;617,362,9;432,369,7;340,371,2;64,379,8;433,394,11;716,411,17;250,431,20;436,443,12;163,458,15;710,481,23;712,483,2;162,-1,;
1282,0,;171,31,31;80,44,13;172,56,12;173,57,1;544,70,13;83,83,13;446,100,17;267,113,13;83,121,8;540,138,17;452,146,8;542,152,6;541,153,1;446,166,13;265,181,15;631,199,18;170,218,19;355,231,13;723,249,18;82,272,23;636,288,16;171,305,17;77,315,10;628,332,17;176,352,20;636,364,12;81,381,17;174,390,9;76,402,12;632,422,20;268,436,14;634,448,12;722,460,12;636,470,10;449,479,9;445,483,4;451,489,6;82,-1,;172,-1,;
510,0,;1256,26,26;1344,32,6;1252,34,2;974,46,12;975,47,1;1251,59,12;980,76,17;976,80,4;1256,96,16;1252,100,4;1249,103,3;885,117,14;886,118,1;1256,134,16;1436,148,14;1342,156,8;979,173,17;884,178,5;1437,199,21;1163,215,16;1158,220,5;1250,226,6;1433,233,7;1069,247,14;1437,265,18;1436,266,1;885,287,21;1065,297,10;1162,304,7;1440,318,14;1071,333,15;1255,345,12;1250,350,5;1434,358,8;791,377,19;1348,400,23;980,414,14;1160,428,14;1068,430,2;792,444,14;791,445,1;1067,457,12;1070,460,3;1163,463,3;795,479,16;1346,500,21;885,-1,;
734,0,;808,20,20;897,29,9;807,39,10;1452,58,19;1446,64,6;1448,66,2;805,91,25;801,95,4;1447,115,20;1354,124,9;1442,130,6;1359,141,11;1353,147,6;1262,150,3;1074,158,8;1076,160,2;1079,163,3;1172,166,3;1442,178,12;1444,180,2;1358,190,10;1363,195,5;1174,204,9;1172,206,2;1087,215,9;1269,221,6;900,232,11;1452,248,16;1074,266,18;1172,274,8;1451,289,15;989,307,18;1166,318,11;895,329,11;811,339,10;995,345,6;1082,352,7;995,359,7;1360,370,11;807,387,17;1076,402,15;1455,421,19;984,442,21;1175,455,13;1356,468,13;1168,478,10;1271,491,13;1349,-1,;
278,0,;1366,53,53;912,71,18;1274,87,16;1092,101,14;1002,111,10;1187,120,9;1273,132,12;905,146,14;1094,161,15;1279,170,9;1369,174,4;909,192,18;999,196,4;905,200,4;912,207,7;1273,224,17;1004,239,15;1186,247,8;1461,260,13;1004,275,15;1094,281,6;1272,295,14;999,308,13;907,310,2;910,313,3;1094,323,10;912,331,8;1457,352,21;1188,367,15;1090,375,8;820,389,14;1091,402,13;1181,406,4;1182,407,1;904,419,12;813,426,7;999,438,12;1095,448,10;1367,462,14;1090,477,15;1370,493,16;813,-1,;
971,0,;428,21,21;334,25,4;239,36,11;241,38,2;57,52,14;611,74,22;244,89,15;516,105,16;151,124,19;146,129,5;513,140,11;336,153,13;333,156,3;612,176,15;54,200,22;241,211,11;57,225,14;333,241,16;241,253,12;422,264,11;237,271,7;516,282,11;237,293,11;609,307,14;238,322,15;146,324,2;605,337,13;238,348,11;704,369,20;700,373,4;237,388,15;59,400,12;329,414,14;422,417,3;333,422,5;427,426,4;149,447,16;243,451,4;336,460,9;237,471,11;605,481,10;422,488,7;697,497,9;55,-1,;
1200,0,;249,37,36;531,53,16;711,67,14;529,81,14;717,91,10;719,93,2;167,107,14;617,127,20;621,131,4;161,151,20;343,165,14;337,171,6;154,178,7;439,193,15;530,202,9;719,211,9;69,231,20;254,244,13;526,260,16;521,265,5;715,279,14;443,289,10;710,304,15;623,317,13;249,335,18;341,345,6;162,358,13;530,374,16;712,388,14;616,396,8;525,399,3;351,413,14;532,424,7;347,433,9;163,443,10;67,455,12;717,477,22;625,481,4;66,-1,;
178,0,;176,2,2;263,9,7;539,25,16;358,38,13;263,49,11;451,61,12;725,73,12;354,92,19;449,98,5;630,113,15;78,133,20;169,142,9;170,143,1;728,163,20;723,168,5;352,183,15;725,200,17;542,211,11;450,219,8;445,224,5;77,238,14;175,250,12;444,267,17;172,281,14;540,301,18;724,315,14;80,339,24;264,353,14;727,370,17;447,384,14;536,393,9;722,403,10;728,409,6;267,422,13;728,437,13;721,444,7;356,461,17;541,474,13;80,493,19;449,-1,;
281,0,;1072,26,26;980,34,8;888,36,2;1256,50,14;790,72,20;1069,85,13;1159,89,4;881,99,10;1439,121,20;1437,123,2;792,146,23;888,158,12;885,161,3;1346,182,21;883,202,19;978,207,5;887,210,3;1067,224,14;980,237,13;1067,250,13;888,265,15;793,276,11;1344,297,21;796,319,22;976,333,14;1250,345,12;975,356,11;1250,369,11;1158,375,6;1439,390,15;1249,402,12;1067,410,8;1065,412,2;794,425,13;973,436,11;974,437,1;1160,447,10;1067,450,3;978,463,11;1435,482,19;1438,485,3;882,-1,;
1424,0,;1353,26,26;1444,31,5;1353,36,5;1350,41,3;1173,56,11;900,69,13;1349,92,21;1172,103,11;1261,112,9;804,129,17;1077,142,13;811,161,16;981,179,18;1453,201,22;1084,213,11;984,225,12;811,240,15;1363,254,14;803,274,20;1166,287,13;1357,298,11;1360,301,3;1079,316,15;1265,330,14;797,348,18;1257,362,14;897,378,16;1356,400,21;898,420,20;889,429,9;803,437,8;1176,454,17;1258,468,12;1264,474,6;982,486,12;1441,500,13;900,-1,;
181,0,;1096,25,25;1460,39,14;1278,51,12;1088,67,14;1184,73,6;1370,86,12;1184,98,12;818,114,16;1096,124,10;1272,138,14;908,154,16;911,157,3;820,162,5;1187,173,11;1182,178,5;1089,181,3;1279,195,14;1096,202,7;1278,210,8;1180,225,12;1369,238,13;814,261,23;999,277,13;1365,293,16;1280,302,9;1370,306,4;1188,314,8;909,327,11;1184,342,15;1003,353,11;1462,370,15;1366,382,12;1090,396,14;1092,398,2;998,410,12;1000,412,2;1275,429,17;1183,441,12;1273,451,10;1091,463,12;1002,474,11;816,486,12;1001,499,13;1366,-1,;
1055,0,;611,39,39;330,54,15;606,64,10;518,70,6;610,72,2;329,85,13;607,95,10;238,110,13;243,115,5;148,120,5;610,140,20;518,142,2;60,160,18;54,166,6;514,182,14;332,192,10;605,203,11;238,216,11;334,228,10;59,245,15;520,262,17;146,282,18;152,288,6;241,293,5;330,302,9;606,312,10;241,328,15;56,341,13;332,358,14;518,373,14;55,392,19;609,414,20;700,425,11;423,438,13;700,453,13;518,467,14;421,476,9;59,492,16;608,-1,;
600,0,;160,30,30;622,50,20;61,73,21;156,78,5;252,84,6;61,95,11;337,105,10;153,113,8;343,123,10;65,135,12;163,147,12;346,158,11;710,178,18;705,183,5;251,201,16;255,205,4;164,208,3;436,224,14;440,228,4;443,231,3;157,247,16;706,265,15;435,276,11;531,288,12;73,305,14;614,330,23;342,340,10;157,351,9;156,354,1;714,376,20;159,401,23;158,402,1;340,410,8;435,415,5;439,419,4;716,430,11;248,450,20;528,462,12;621,465,3;154,482,17;341,489,7;526,498,9;72,-1,;
316,0,;537,14,14;446,27,9;262,39,12;358,53,12;727,66,13;353,86,18;630,99,13;174,119,20;268,123,4;448,133,10;633,146,13;446,161,15;355,164,3;636,177,13;82,195,16;266,205,10;446,219,14;360,227,8;726,239,12;451,250,11;263,262,12;628,279,15;76,299,16;174,313,12;84,319,6;540,337,16;79,360,21;357,378,16;537,392,14;444,400,7;539,409,9;721,421,12;78,447,21;260,457,10;722,473,16;728,479,6;635,484,5;444,499,15;721,-1,;81,-1,;
143,0,;790,17,17;1348,39,22;1438,50,10;884,74,22;793,85,11;1343,107,20;1160,118,11;976,130,12;1436,152,18;979,176,21;1439,196,18;1440,197,1;973,220,19;1255,234,14;980,247,13;790,262,14;1439,287,23;881,307,20;885,311,4;1162,328,17;884,346,16;980,352,6;883,359,7;1251,375,14;882,390,13;792,398,8;1344,418,20;1159,429,11;1255,441,12;882,460,17;1253,475,15;1434,486,11;1438,492,4;884,-1,;
273,0,;898,35,33;1082,47,12;1353,62,15;1076,71,9;1363,88,17;1080,102,13;807,117,15;809,119,2;1077,135,16;1357,149,14;1076,162,13;800,170,8;988,180,10;1257,193,13;989,207,14;801,219,12;1445,237,18;1073,249,12;801,259,10;993,275,14;1077,287,12;805,301,14;1350,323,19;889,336,13;894,341,5;1078,351,10;1446,365,14;1355,374,9;802,395,19;900,407,12;1260,425,18;1455,440,15;1352,453,13;985,464,11;1084,477,13;1169,486,9;809,-1,;
869,0,;1001,10,9;1372,23,13;813,46,21;815,48,2;1003,60,12;1089,72,12;1185,78,6;1272,91,11;1185,102,11;818,119,15;817,120,1;1367,142,22;1280,149,7;997,164,15;1276,179,15;997,194,15;1096,207,11;1458,223,16;813,250,21;819,258,6;1002,267,9;1462,285,16;1371,292,7;1181,306,14;1370,321,15;816,341,20;1280,359,16;1368,365,6;1272,371,6;1464,385,14;812,411,24;996,419,8;1276,439,14;1096,449,10;1462,462,12;815,485,23;1004,497,11;1003,498,1;1094,-1,;1182,-1,;
871,0,;58,55,48;606,75,20;330,85,10;53,95,9;151,105,10;145,111,6;700,130,17;424,146,14;513,153,7;331,161,8;515,173,10;57,191,18;145,199,8;53,205,4;151,215,10;237,223,8;148,228,5;704,253,22;520,263,10;331,278,15;336,283,5;611,296,13;704,307,9;335,322,15;56,339,17;335,357,17;428,360,3;612,370,10;425,383,13;698,396,13;423,407,11;331,409,2;697,421,12;333,437,14;703,456,18;610,469,11;331,486,15;425,490,4;152,-1,;611,-1,;
1194,0,;160,51,44;621,72,21;163,91,18;255,93,2;156,102,9;433,116,9;351,128,12;259,132,4;75,143,6;437,157,14;156,170,13;625,191,21;443,202,6;432,213,11;251,224,9;340,232,7;524,238,6;616,240,2;250,262,12;69,275,13;164,284,9;619,307,19;617,309,2;65,325,16;436,343,15;163,358,15;627,372,14;347,382,10;64,398,15;347,413,15;251,425,12;161,429,4;349,443,10;161,453,10;248,460,7;167,473,13;249,485,12;705,500,14;524,-1,;
