10
646,0,;624,25,25;439,34,9;260,43,9;156,57,14;359,80,23;450,83,3;609,-1,;
504,0,;360,9,9;538,21,12;340,39,18;541,60,21;427,84,24;905,-1,;
1282,0,;153,49,49;790,74,25;538,-1,;
510,0,;358,36,36;1434,88,52;1250,96,8;978,-1,;
734,0,;437,27,27;1184,56,27;1352,77,20;1463,98,21;1452,-1,;
278,0,;152,15,15;342,25,10;161,38,13;1438,77,39;240,-1,;
971,0,;632,37,37;714,49,12;259,64,15;358,75,11;428,99,24;430,-1,;
1200,0,;1368,33,33;910,51,18;627,66,15;536,69,3;704,89,20;705,90,1;346,-1,;
178,0,;432,28,28;888,47,14;897,56,9;818,71,15;991,86,15;1085,92,6;896,-1,;798,-1,;
281,0,;434,18,18;893,38,15;1160,53,15;1083,70,17;1439,90,20;890,-1,;
