10
646,0,;59,24,24;53,30,6;56,33,3;60,37,4;55,42,5;56,45,1;60,51,4;57,54,3;59,56,2;60,57,1;54,63,6;53,64,1;54,65,1;59,73,5;53,87,6;57,95,4;53,-1,;59,-1,;58,-1,;56,-1,;54,-1,;57,-1,;
504,0,;146,43,43;82,73,30;84,75,2;146,-1,;
1282,0,;145,57,57;80,88,29;84,92,4;83,93,1;146,-1,;
510,0,;58,18,18;59,19,1;54,26,5;56,30,2;58,40,2;56,42,2;54,46,2;55,47,1;58,56,3;57,59,1;60,64,3;54,76,6;60,86,6;57,92,3;59,94,2;60,95,1;57,98,3;54,-1,;57,-1,;54,-1,;59,-1,;56,-1,;53,-1,;59,-1,;56,-1,;59,-1,;53,-1,;57,-1,;
734,0,;146,48,48;80,76,28;146,-1,;
278,0,;58,15,15;54,21,4;58,27,4;53,34,5;56,37,3;57,42,1;54,47,3;53,48,1;56,51,3;53,54,3;56,57,3;53,60,3;56,65,3;60,71,4;57,76,3;55,80,2;53,82,2;55,84,2;59,91,4;53,99,6;59,-1,;56,-1,;59,-1,;58,-1,;54,-1,;60,-1,;59,-1,;
971,0,;58,29,27;59,30,1;60,31,1;58,33,2;55,38,3;53,40,2;59,49,6;60,50,1;55,59,5;56,60,1;55,61,1;59,67,4;58,68,1;56,73,2;53,76,3;59,84,6;60,85,1;53,94,7;56,100,3;59,-1,;57,-1,;53,-1,;57,-1,;60,-1,;56,-1,;60,-1,;
1200,0,;58,36,33;57,37,1;54,40,3;53,41,1;57,51,4;54,54,3;60,62,6;56,68,4;59,77,3;55,81,4;53,85,2;60,98,7;53,-1,;60,-1,;56,-1,;55,-1,;59,-1,;60,-1,;54,-1,;
178,0,;81,7,7;84,10,3;83,11,1;84,12,1;79,17,5;82,20,3;146,52,30;84,86,32;83,87,1;146,-1,;
281,0,;57,11,11;55,16,2;54,17,1;56,19,2;54,23,2;53,24,1;58,31,5;53,38,5;57,44,4;59,46,2;57,48,2;54,56,3;58,63,4;54,69,4;57,72,3;58,73,1;60,77,2;56,83,4;55,86,1;57,88,2;60,91,3;59,92,1;53,-1,;54,-1,;60,-1,;56,-1,;57,-1,;60,-1,;53,-1,;54,-1,;53,-1,;56,-1,;
